0.000000 2.360704
0.001000 2.360704
0.002000 2.355816
0.003000 2.355816
0.004000 2.355816
0.005000 2.355816
0.006000 2.355816
0.007000 2.350929
0.008000 2.346041
0.009000 2.346041
0.010000 2.346041
0.011000 2.346041
0.012000 2.341153
0.013000 2.341153
0.014000 2.341153
0.015000 2.341153
0.016000 2.336266
0.017000 2.336266
0.018000 2.336266
0.019000 2.331378
0.020000 2.331378
0.021000 2.331378
0.022000 2.326491
0.023000 2.326491
0.024000 2.321603
0.025000 2.316716
0.026000 2.316716
0.027000 2.311828
0.028000 2.311828
0.029000 2.311828
0.030000 2.311828
0.031000 2.306940
0.032000 2.306940
0.033000 2.306940
0.034000 2.302053
0.035000 2.302053
0.036000 2.302053
0.037000 2.297165
0.038000 2.297165
0.039000 2.292278
0.040000 2.292278
0.041000 2.287390
0.042000 2.282502
0.043000 2.282502
0.044000 2.282502
0.045000 2.277615
0.046000 2.282502
0.047000 2.277615
0.048000 2.277615
0.049000 2.277615
0.050000 2.277615
0.051000 2.272727
0.052000 2.272727
0.053000 2.272727
0.054000 2.267840
0.055000 2.267840
0.056000 2.262952
0.057000 2.262952
0.058000 2.262952
0.059000 2.262952
0.060000 2.262952
0.061000 2.262952
0.062000 2.262952
0.063000 2.258065
0.064000 2.258065
0.065000 2.253177
0.066000 2.253177
0.067000 2.253177
0.068000 2.248289
0.069000 2.248289
0.070000 2.248289
0.071000 2.243402
0.072000 2.248289
0.073000 2.243402
0.074000 2.238514
0.075000 2.233627
0.076000 2.233627
0.077000 2.233627
0.078000 2.228739
0.079000 2.228739
0.080000 2.223851
0.081000 2.223851
0.082000 2.223851
0.083000 2.223851
0.084000 2.223851
0.085000 2.218964
0.086000 2.218964
0.087000 2.218964
0.088000 2.214076
0.089000 2.214076
0.090000 2.214076
0.091000 2.209189
0.092000 2.209189
0.093000 2.209189
0.094000 2.204301
0.095000 2.204301
0.096000 2.204301
0.097000 2.199413
0.098000 2.199413
0.099000 2.199413
0.100000 2.194526
0.101000 2.194526
0.102000 2.194526
0.103000 2.194526
0.104000 2.194526
0.105000 2.189638
0.106000 2.189638
0.107000 2.189638
0.108000 2.189638
0.109000 2.184751
0.110000 2.189638
0.111000 2.184751
0.112000 2.179863
0.113000 2.179863
0.114000 2.179863
0.115000 2.174976
0.116000 2.174976
0.117000 2.170088
0.118000 2.170088
0.119000 2.170088
0.120000 2.165200
0.121000 2.165200
0.122000 2.165200
0.123000 2.165200
0.124000 2.165200
0.125000 2.160313
0.126000 2.160313
0.127000 2.160313
0.128000 2.155425
0.129000 2.155425
0.130000 2.155425
0.131000 2.155425
0.132000 2.150538
0.133000 2.150538
0.134000 2.145650
0.135000 2.145650
0.136000 2.145650
0.137000 2.145650
0.138000 2.140762
0.139000 2.140762
0.140000 2.140762
0.141000 2.135875
0.142000 2.135875
0.143000 2.135875
0.144000 2.135875
0.145000 2.130987
0.146000 2.130987
0.147000 2.130987
0.148000 2.130987
0.149000 2.126100
0.150000 2.126100
0.151000 2.126100
0.152000 2.126100
0.153000 2.121212
0.154000 2.121212
0.155000 2.121212
0.156000 2.121212
0.157000 2.116325
0.158000 2.116325
0.159000 2.116325
0.160000 2.116325
0.161000 2.116325
0.162000 2.111437
0.163000 2.111437
0.164000 2.111437
0.165000 2.106549
0.166000 2.106549
0.167000 2.106549
0.168000 2.106549
0.169000 2.106549
0.170000 2.101662
0.171000 2.101662
0.172000 2.101662
0.173000 2.096774
0.174000 2.096774
0.175000 2.096774
0.176000 2.091887
0.177000 2.091887
0.178000 2.091887
0.179000 2.091887
0.180000 2.086999
0.181000 2.086999
0.182000 2.086999
0.183000 2.086999
0.184000 2.086999
0.185000 2.086999
0.186000 2.082111
0.187000 2.082111
0.188000 2.082111
0.189000 2.077224
0.190000 2.072336
0.191000 2.072336
0.192000 2.072336
0.193000 2.072336
0.194000 2.072336
0.195000 2.067449
0.196000 2.067449
0.197000 2.067449
0.198000 2.067449
0.199000 2.062561
0.200000 2.062561
0.201000 2.062561
0.202000 2.062561
0.203000 2.062561
0.204000 2.057674
0.205000 2.057674
0.206000 2.057674
0.207000 2.057674
0.208000 2.052786
0.209000 2.052786
0.210000 2.052786
0.211000 2.047898
0.212000 2.047898
0.213000 2.047898
0.214000 2.043011
0.215000 2.043011
0.216000 2.043011
0.217000 2.038123
0.218000 2.038123
0.219000 2.038123
0.220000 2.033236
0.221000 2.033236
0.222000 2.033236
0.223000 2.028348
0.224000 2.028348
0.225000 2.028348
0.226000 2.028348
0.227000 2.023460
0.228000 2.023460
0.229000 2.023460
0.230000 2.018573
0.231000 2.018573
0.232000 2.018573
0.233000 2.018573
0.234000 2.018573
0.235000 2.013685
0.236000 2.013685
0.237000 2.013685
0.238000 2.008798
0.239000 2.008798
0.240000 2.003910
0.241000 2.003910
0.242000 2.003910
0.243000 1.999022
0.244000 1.994135
0.245000 1.994135
0.246000 1.994135
0.247000 1.994135
0.248000 1.994135
0.249000 1.994135
0.250000 1.989247
0.251000 1.989247
0.252000 1.989247
0.253000 1.984360
0.254000 1.984360
0.255000 1.984360
0.256000 1.984360
0.257000 1.979472
0.258000 1.979472
0.259000 1.974585
0.260000 1.974585
0.261000 1.974585
0.262000 1.974585
0.263000 1.974585
0.264000 1.974585
0.265000 1.974585
0.266000 1.969697
0.267000 1.969697
0.268000 1.969697
0.269000 1.964809
0.270000 1.964809
0.271000 1.959922
0.272000 1.959922
0.273000 1.959922
0.274000 1.959922
0.275000 1.955034
0.276000 1.955034
0.277000 1.955034
0.278000 1.955034
0.279000 1.950147
0.280000 1.950147
0.281000 1.945259
0.282000 1.945259
0.283000 1.945259
0.284000 1.945259
0.285000 1.945259
0.286000 1.940371
0.287000 1.940371
0.288000 1.940371
0.289000 1.940371
0.290000 1.935484
0.291000 1.935484
0.292000 1.935484
0.293000 1.930596
0.294000 1.930596
0.295000 1.930596
0.296000 1.930596
0.297000 1.930596
0.298000 1.925709
0.299000 1.925709
0.300000 1.925709
0.301000 1.920821
0.302000 1.920821
0.303000 1.920821
0.304000 1.920821
0.305000 1.915934
0.306000 1.915934
0.307000 1.915934
0.308000 1.911046
0.309000 1.911046
0.310000 1.911046
0.311000 1.906158
0.312000 1.906158
0.313000 1.906158
0.314000 1.906158
0.315000 1.906158
0.316000 1.901271
0.317000 1.906158
0.318000 1.901271
0.319000 1.901271
0.320000 1.896383
0.321000 1.896383
0.322000 1.896383
0.323000 1.896383
0.324000 1.891496
0.325000 1.891496
0.326000 1.891496
0.327000 1.891496
0.328000 1.891496
0.329000 1.891496
0.330000 1.886608
0.331000 1.886608
0.332000 1.886608
0.333000 1.886608
0.334000 1.881720
0.335000 1.881720
0.336000 1.881720
0.337000 1.876833
0.338000 1.876833
0.339000 1.876833
0.340000 1.876833
0.341000 1.871945
0.342000 1.871945
0.343000 1.871945
0.344000 1.871945
0.345000 1.871945
0.346000 1.867058
0.347000 1.867058
0.348000 1.867058
0.349000 1.862170
0.350000 1.862170
0.351000 1.862170
0.352000 1.857283
0.353000 1.857283
0.354000 1.857283
0.355000 1.857283
0.356000 1.852395
0.357000 1.852395
0.358000 1.852395
0.359000 1.852395
0.360000 1.847507
0.361000 1.847507
0.362000 1.847507
0.363000 1.842620
0.364000 1.842620
0.365000 1.842620
0.366000 1.842620
0.367000 1.842620
0.368000 1.837732
0.369000 1.837732
0.370000 1.832845
0.371000 1.832845
0.372000 1.832845
0.373000 1.832845
0.374000 1.832845
0.375000 1.832845
0.376000 1.827957
0.377000 1.827957
0.378000 1.823069
0.379000 1.823069
0.380000 1.823069
0.381000 1.823069
0.382000 1.818182
0.383000 1.818182
0.384000 1.813294
0.385000 1.813294
0.386000 1.813294
0.387000 1.808407
0.388000 1.813294
0.389000 1.808407
0.390000 1.813294
0.391000 1.808407
0.392000 1.808407
0.393000 1.808407
0.394000 1.808407
0.395000 1.808407
0.396000 1.803519
0.397000 1.803519
0.398000 1.798631
0.399000 1.803519
0.400000 1.798631
0.401000 1.798631
0.402000 1.798631
0.403000 1.793744
0.404000 1.793744
0.405000 1.793744
0.406000 1.788856
0.407000 1.788856
0.408000 1.788856
0.409000 1.788856
0.410000 1.783969
0.411000 1.783969
0.412000 1.783969
0.413000 1.783969
0.414000 1.779081
0.415000 1.779081
0.416000 1.779081
0.417000 1.774194
0.418000 1.774194
0.419000 1.769306
0.420000 1.769306
0.421000 1.769306
0.422000 1.769306
0.423000 1.764418
0.424000 1.764418
0.425000 1.764418
0.426000 1.764418
0.427000 1.759531
0.428000 1.759531
0.429000 1.759531
0.430000 1.759531
0.431000 1.754643
0.432000 1.754643
0.433000 1.754643
0.434000 1.749756
0.435000 1.749756
0.436000 1.749756
0.437000 1.744868
0.438000 1.744868
0.439000 1.739980
0.440000 1.739980
0.441000 1.739980
0.442000 1.739980
0.443000 1.735093
0.444000 1.735093
0.445000 1.735093
0.446000 1.735093
0.447000 1.730205
0.448000 1.730205
0.449000 1.725318
0.450000 1.725318
0.451000 1.725318
0.452000 1.720430
0.453000 1.720430
0.454000 1.720430
0.455000 1.720430
0.456000 1.715543
0.457000 1.715543
0.458000 1.710655
0.459000 1.710655
0.460000 1.705767
0.461000 1.705767
0.462000 1.705767
0.463000 1.705767
0.464000 1.705767
0.465000 1.700880
0.466000 1.695992
0.467000 1.695992
0.468000 1.695992
0.469000 1.695992
0.470000 1.695992
0.471000 1.691105
0.472000 1.691105
0.473000 1.686217
0.474000 1.681329
0.475000 1.681329
0.476000 1.676442
0.477000 1.676442
0.478000 1.676442
0.479000 1.676442
0.480000 1.671554
0.481000 1.671554
0.482000 1.671554
0.483000 1.671554
0.484000 1.666667
0.485000 1.666667
0.486000 1.661779
0.487000 1.661779
0.488000 1.661779
0.489000 1.661779
0.490000 1.656891
0.491000 1.656891
0.492000 1.652004
0.493000 1.652004
0.494000 1.647116
0.495000 1.647116
0.496000 1.647116
0.497000 1.642229
0.498000 1.642229
0.499000 1.642229
0.500000 1.637341
0.501000 1.637341
0.502000 1.637341
0.503000 1.632454
0.504000 1.632454
0.505000 1.632454
0.506000 1.627566
0.507000 1.627566
0.508000 1.627566
0.509000 1.627566
0.510000 1.627566
0.511000 1.622678
0.512000 1.622678
0.513000 1.622678
0.514000 1.617791
0.515000 1.617791
0.516000 1.612903
0.517000 1.612903
0.518000 1.608016
0.519000 1.603128
0.520000 1.603128
0.521000 1.603128
0.522000 1.603128
0.523000 1.598240
0.524000 1.598240
0.525000 1.593353
0.526000 1.593353
0.527000 1.593353
0.528000 1.588465
0.529000 1.588465
0.530000 1.583578
0.531000 1.583578
0.532000 1.578690
0.533000 1.578690
0.534000 1.573803
0.535000 1.573803
0.536000 1.573803
0.537000 1.573803
0.538000 1.568915
0.539000 1.568915
0.540000 1.564027
0.541000 1.564027
0.542000 1.559140
0.543000 1.559140
0.544000 1.559140
0.545000 1.559140
0.546000 1.554252
0.547000 1.554252
0.548000 1.549365
0.549000 1.549365
0.550000 1.544477
0.551000 1.544477
0.552000 1.544477
0.553000 1.544477
0.554000 1.539589
0.555000 1.539589
0.556000 1.534702
0.557000 1.534702
0.558000 1.529814
0.559000 1.529814
0.560000 1.529814
0.561000 1.524927
0.562000 1.524927
0.563000 1.520039
0.564000 1.520039
0.565000 1.515152
0.566000 1.515152
0.567000 1.510264
0.568000 1.505376
0.569000 1.510264
0.570000 1.505376
0.571000 1.505376
0.572000 1.505376
0.573000 1.500489
0.574000 1.500489
0.575000 1.500489
0.576000 1.495601
0.577000 1.495601
0.578000 1.490714
0.579000 1.490714
0.580000 1.490714
0.581000 1.485826
0.582000 1.485826
0.583000 1.485826
0.584000 1.485826
0.585000 1.480938
0.586000 1.480938
0.587000 1.480938
0.588000 1.476051
0.589000 1.471163
0.590000 1.471163
0.591000 1.471163
0.592000 1.466276
0.593000 1.466276
0.594000 1.466276
0.595000 1.461388
0.596000 1.461388
0.597000 1.456500
0.598000 1.456500
0.599000 1.456500
0.600000 1.451613
0.601000 1.451613
0.602000 1.446725
0.603000 1.446725
0.604000 1.441838
0.605000 1.441838
0.606000 1.436950
0.607000 1.436950
0.608000 1.432063
0.609000 1.432063
0.610000 1.432063
0.611000 1.427175
0.612000 1.427175
0.613000 1.427175
0.614000 1.422287
0.615000 1.422287
0.616000 1.417400
0.617000 1.417400
0.618000 1.412512
0.619000 1.412512
0.620000 1.407625
0.621000 1.407625
0.622000 1.402737
0.623000 1.402737
0.624000 1.397849
0.625000 1.397849
0.626000 1.392962
0.627000 1.392962
0.628000 1.392962
0.629000 1.392962
0.630000 1.388074
0.631000 1.388074
0.632000 1.388074
0.633000 1.383187
0.634000 1.383187
0.635000 1.378299
0.636000 1.378299
0.637000 1.378299
0.638000 1.373412
0.639000 1.373412
0.640000 1.368524
0.641000 1.368524
0.642000 1.368524
0.643000 1.363636
0.644000 1.358749
0.645000 1.358749
0.646000 1.358749
0.647000 1.353861
0.648000 1.353861
0.649000 1.348974
0.650000 1.348974
0.651000 1.344086
0.652000 1.344086
0.653000 1.339198
0.654000 1.334311
0.655000 1.334311
0.656000 1.334311
0.657000 1.329423
0.658000 1.329423
0.659000 1.324536
0.660000 1.324536
0.661000 1.319648
0.662000 1.319648
0.663000 1.319648
0.664000 1.319648
0.665000 1.314761
0.666000 1.314761
0.667000 1.314761
0.668000 1.314761
0.669000 1.309873
0.670000 1.309873
0.671000 1.304985
0.672000 1.304985
0.673000 1.304985
0.674000 1.300098
0.675000 1.300098
0.676000 1.295210
0.677000 1.295210
0.678000 1.295210
0.679000 1.295210
0.680000 1.290323
0.681000 1.290323
0.682000 1.290323
0.683000 1.285435
0.684000 1.285435
0.685000 1.280547
0.686000 1.280547
0.687000 1.275660
0.688000 1.275660
0.689000 1.270772
0.690000 1.270772
0.691000 1.265885
0.692000 1.265885
0.693000 1.265885
0.694000 1.265885
0.695000 1.260997
0.696000 1.260997
0.697000 1.256109
0.698000 1.256109
0.699000 1.256109
0.700000 1.251222
0.701000 1.246334
0.702000 1.246334
0.703000 1.246334
0.704000 1.241447
0.705000 1.241447
0.706000 1.236559
0.707000 1.236559
0.708000 1.236559
0.709000 1.236559
0.710000 1.226784
0.711000 1.231672
0.712000 1.231672
0.713000 1.226784
0.714000 1.226784
0.715000 1.221896
0.716000 1.221896
0.717000 1.217009
0.718000 1.217009
0.719000 1.212121
0.720000 1.212121
0.721000 1.207234
0.722000 1.207234
0.723000 1.207234
0.724000 1.202346
0.725000 1.202346
0.726000 1.202346
0.727000 1.202346
0.728000 1.202346
0.729000 1.202346
0.730000 1.197458
0.731000 1.197458
0.732000 1.197458
0.733000 1.197458
0.734000 1.202346
0.735000 1.197458
0.736000 1.197458
0.737000 1.197458
0.738000 1.197458
0.739000 1.197458
0.740000 1.197458
0.741000 1.202346
0.742000 1.202346
0.743000 1.202346
0.744000 1.197458
0.745000 1.197458
0.746000 1.197458
0.747000 1.197458
0.748000 1.197458
0.749000 1.197458
0.750000 1.197458
0.751000 1.197458
0.752000 1.197458
0.753000 1.192571
0.754000 1.192571
0.755000 1.192571
0.756000 1.192571
0.757000 1.192571
0.758000 1.192571
0.759000 1.192571
0.760000 1.192571
0.761000 1.192571
0.762000 1.192571
0.763000 1.192571
0.764000 1.192571
0.765000 1.187683
0.766000 1.192571
0.767000 1.192571
0.768000 1.187683
0.769000 1.187683
0.770000 1.192571
0.771000 1.192571
0.772000 1.192571
0.773000 1.187683
0.774000 1.192571
0.775000 1.192571
0.776000 1.192571
0.777000 1.192571
0.778000 1.192571
0.779000 1.192571
0.780000 1.192571
0.781000 1.192571
0.782000 1.187683
0.783000 1.192571
0.784000 1.192571
0.785000 1.192571
0.786000 1.187683
0.787000 1.192571
0.788000 1.187683
0.789000 1.192571
0.790000 1.192571
0.791000 1.192571
0.792000 1.192571
0.793000 1.192571
0.794000 1.187683
0.795000 1.187683
0.796000 1.187683
0.797000 1.187683
0.798000 1.192571
0.799000 1.192571
0.800000 1.192571
0.801000 1.192571
0.802000 1.187683
0.803000 1.192571
0.804000 1.192571
0.805000 1.192571
0.806000 1.192571
0.807000 1.192571
0.808000 1.192571
0.809000 1.192571
0.810000 1.187683
0.811000 1.192571
0.812000 1.192571
0.813000 1.192571
0.814000 1.192571
0.815000 1.192571
0.816000 1.187683
0.817000 1.187683
0.818000 1.192571
0.819000 1.187683
0.820000 1.187683
0.821000 1.192571
0.822000 1.192571
0.823000 1.187683
0.824000 1.187683
0.825000 1.187683
0.826000 1.192571
0.827000 1.192571
0.828000 1.187683
0.829000 1.192571
0.830000 1.192571
0.831000 1.192571
0.832000 1.187683
0.833000 1.192571
0.834000 1.192571
0.835000 1.187683
0.836000 1.192571
0.837000 1.192571
0.838000 1.192571
0.839000 1.187683
0.840000 1.192571
0.841000 1.187683
0.842000 1.187683
0.843000 1.187683
0.844000 1.192571
0.845000 1.187683
0.846000 1.192571
0.847000 1.192571
0.848000 1.192571
0.849000 1.187683
0.850000 1.187683
0.851000 1.187683
0.852000 1.192571
0.853000 1.192571
0.854000 1.192571
0.855000 1.187683
0.856000 1.187683
0.857000 1.187683
0.858000 1.187683
0.859000 1.187683
0.860000 1.192571
0.861000 1.187683
0.862000 1.192571
0.863000 1.192571
0.864000 1.187683
0.865000 1.187683
0.866000 1.187683
0.867000 1.187683
0.868000 1.192571
0.869000 1.192571
0.870000 1.192571
0.871000 1.187683
0.872000 1.187683
0.873000 1.187683
0.874000 1.187683
0.875000 1.187683
0.876000 1.187683
0.877000 1.187683
0.878000 1.192571
0.879000 1.192571
0.880000 1.187683
0.881000 1.192571
0.882000 1.192571
0.883000 1.187683
0.884000 1.187683
0.885000 1.187683
0.886000 1.192571
0.887000 1.187683
0.888000 1.187683
0.889000 1.187683
0.890000 1.187683
0.891000 1.192571
0.892000 1.192571
0.893000 1.187683
0.894000 1.187683
0.895000 1.192571
0.896000 1.192571
0.897000 1.187683
0.898000 1.187683
0.899000 1.187683
0.900000 1.187683
0.901000 1.187683
0.902000 1.192571
0.903000 1.192571
0.904000 1.192571
0.905000 1.187683
0.906000 1.192571
0.907000 1.192571
0.908000 1.187683
0.909000 1.187683
0.910000 1.192571
0.911000 1.192571
0.912000 1.192571
0.913000 1.192571
0.914000 1.192571
0.915000 1.192571
0.916000 1.192571
0.917000 1.192571
0.918000 1.192571
0.919000 1.192571
0.920000 1.192571
0.921000 1.192571
0.922000 1.192571
0.923000 1.192571
0.924000 1.192571
0.925000 1.192571
0.926000 1.187683
0.927000 1.192571
0.928000 1.192571
0.929000 1.192571
0.930000 1.187683
0.931000 1.192571
0.932000 1.192571
0.933000 1.192571
0.934000 1.187683
0.935000 1.192571
0.936000 1.192571
0.937000 1.192571
0.938000 1.192571
0.939000 1.192571
0.940000 1.192571
0.941000 1.197458
0.942000 1.187683
0.943000 1.192571
0.944000 1.192571
0.945000 1.192571
0.946000 1.187683
0.947000 1.192571
0.948000 1.187683
0.949000 1.192571
0.950000 1.187683
0.951000 1.187683
0.952000 1.187683
0.953000 1.192571
0.954000 1.187683
0.955000 1.187683
0.956000 1.192571
0.957000 1.192571
0.958000 1.192571
0.959000 1.192571
0.960000 1.192571
0.961000 1.187683
0.962000 1.187683
0.963000 1.187683
0.964000 1.192571
0.965000 1.192571
0.966000 1.192571
0.967000 1.187683
0.968000 1.192571
0.969000 1.187683
0.970000 1.192571
0.971000 1.192571
0.972000 1.192571
0.973000 1.187683
0.974000 1.192571
0.975000 1.192571
0.976000 1.192571
0.977000 1.192571
0.978000 1.192571
0.979000 1.192571
0.980000 1.192571
0.981000 1.192571
0.982000 1.192571
0.983000 1.192571
0.984000 1.187683
0.985000 1.192571
0.986000 1.187683
0.987000 1.192571
0.988000 1.192571
0.989000 1.187683
0.990000 1.192571
0.991000 1.192571
0.992000 1.187683
0.993000 1.187683
0.994000 1.192571
0.995000 1.192571
0.996000 1.187683
0.997000 1.192571
0.998000 1.192571
0.999000 1.192571
