0.000000 49
0.100000 49
0.200000 53
0.300000 48
0.400000 46
0.500000 50
0.600000 53
0.700000 49
0.800000 52
0.900000 45
1.000000 53
1.100000 52
1.200000 45
1.300000 49
1.400000 49
1.500000 53
1.600000 48
1.700000 52
1.800000 54
1.900000 49
2.000000 49
2.100000 49
2.200000 46
2.300000 51
2.400000 50
2.500000 47
2.600000 35
2.700000 56
2.800000 57
2.900000 51
3.000000 51
3.100000 47
3.200000 51
3.300000 54
3.400000 46
3.500000 50
3.600000 47
3.700000 51
3.800000 54
3.900000 49
4.000000 52
4.100000 48
4.200000 55
4.300000 50
4.400000 47
4.500000 51
4.600000 50
4.700000 47
4.800000 51
4.900000 50
5.000000 56
5.100000 51
5.200000 44
5.300000 46
5.400000 50
5.500000 53
5.600000 52
5.700000 48
5.800000 48
5.900000 49
6.000000 52
6.100000 48
6.200000 45
6.300000 40
6.400000 40
6.500000 50
6.600000 56
6.700000 54
6.800000 55
6.900000 53
7.000000 39
7.100000 40
7.200000 56
7.300000 54
7.400000 52
7.500000 54
7.600000 53
7.700000 52
7.800000 51
7.900000 38
8.000000 45
8.100000 53
8.200000 52
8.300000 54
8.400000 49
8.500000 53
8.600000 55
8.700000 50
8.800000 50
8.900000 50
9.000000 34
9.100000 55
9.200000 53
9.300000 52
9.400000 51
9.500000 47
9.600000 51
9.700000 38
9.800000 55
9.900000 50
