0.000000 1.813294
0.001000 1.827957
0.002000 1.827957
0.003000 1.827957
0.004000 1.832845
0.005000 1.837732
0.006000 1.842620
0.007000 1.847507
0.008000 1.847507
0.009000 1.847507
0.010000 1.852395
0.011000 1.852395
0.012000 1.857283
0.013000 1.862170
0.014000 1.867058
0.015000 1.867058
0.016000 1.871945
0.017000 1.876833
0.018000 1.881720
0.019000 1.881720
0.020000 1.886608
0.021000 1.891496
0.022000 1.891496
0.023000 1.891496
0.024000 1.896383
0.025000 1.896383
0.026000 1.901271
0.027000 1.906158
0.028000 1.906158
0.029000 1.911046
0.030000 1.915934
0.031000 1.915934
0.032000 1.920821
0.033000 1.925709
0.034000 1.930596
0.035000 1.930596
0.036000 1.930596
0.037000 1.935484
0.038000 1.935484
0.039000 1.940371
0.040000 1.945259
0.041000 1.945259
0.042000 1.950147
0.043000 1.950147
0.044000 1.959922
0.045000 1.959922
0.046000 1.964809
0.047000 1.964809
0.048000 1.974585
0.049000 1.974585
0.050000 1.979472
0.051000 1.984360
0.052000 1.984360
0.053000 1.989247
0.054000 1.989247
0.055000 1.989247
0.056000 1.994135
0.057000 1.999022
0.058000 2.003910
0.059000 2.008798
0.060000 2.008798
0.061000 2.013685
0.062000 2.018573
0.063000 2.013685
0.064000 2.018573
0.065000 2.023460
0.066000 2.023460
0.067000 2.028348
0.068000 2.033236
0.069000 2.038123
0.070000 2.038123
0.071000 2.043011
0.072000 2.043011
0.073000 2.047898
0.074000 2.052786
0.075000 2.052786
0.076000 2.057674
0.077000 2.057674
0.078000 2.062561
0.079000 2.067449
0.080000 2.072336
0.081000 2.077224
0.082000 2.077224
0.083000 2.082111
0.084000 2.086999
0.085000 2.082111
0.086000 2.086999
0.087000 2.091887
0.088000 2.091887
0.089000 2.091887
0.090000 2.096774
0.091000 2.096774
0.092000 2.101662
0.093000 2.106549
0.094000 2.111437
0.095000 2.111437
0.096000 2.116325
0.097000 2.121212
0.098000 2.126100
0.099000 2.130987
0.100000 2.130987
0.101000 2.135875
0.102000 2.126100
0.103000 2.140762
0.104000 2.140762
0.105000 2.145650
0.106000 2.150538
0.107000 2.145650
0.108000 2.150538
0.109000 2.155425
0.110000 2.155425
0.111000 2.160313
0.112000 2.160313
0.113000 2.165200
0.114000 2.170088
0.115000 2.170088
0.116000 2.179863
0.117000 2.179863
0.118000 2.184751
0.119000 2.184751
0.120000 2.189638
0.121000 2.194526
0.122000 2.204301
0.123000 2.204301
0.124000 2.209189
0.125000 2.209189
0.126000 2.209189
0.127000 2.214076
0.128000 2.214076
0.129000 2.218964
0.130000 2.223851
0.131000 2.223851
0.132000 2.228739
0.133000 2.233627
0.134000 2.238514
0.135000 2.238514
0.136000 2.243402
0.137000 2.243402
0.138000 2.243402
0.139000 2.248289
0.140000 2.253177
0.141000 2.258065
0.142000 2.262952
0.143000 2.267840
0.144000 2.272727
0.145000 2.272727
0.146000 2.282502
0.147000 2.287390
0.148000 2.287390
0.149000 2.287390
0.150000 2.292278
0.151000 2.287390
0.152000 2.302053
0.153000 2.302053
0.154000 2.306940
0.155000 2.311828
0.156000 2.311828
0.157000 2.316716
0.158000 2.311828
0.159000 2.316716
0.160000 2.321603
0.161000 2.321603
0.162000 2.326491
0.163000 2.331378
0.164000 2.331378
0.165000 2.336266
0.166000 2.326491
0.167000 2.346041
0.168000 2.346041
0.169000 2.350929
0.170000 2.350929
0.171000 2.355816
0.172000 2.360704
0.173000 2.360704
0.174000 2.365591
0.175000 2.370479
0.176000 2.370479
0.177000 2.375367
0.178000 2.375367
0.179000 2.380254
0.180000 2.380254
0.181000 2.385142
0.182000 2.390029
0.183000 2.394917
0.184000 2.394917
0.185000 2.399804
0.186000 2.404692
0.187000 2.404692
0.188000 2.409580
0.189000 2.409580
0.190000 2.414467
0.191000 2.414467
0.192000 2.429130
0.193000 2.429130
0.194000 2.434018
0.195000 2.438905
0.196000 2.443793
0.197000 2.448680
0.198000 2.448680
0.199000 2.438905
0.200000 2.448680
0.201000 2.453568
0.202000 2.458456
0.203000 2.458456
0.204000 2.463343
0.205000 2.473118
0.206000 2.473118
0.207000 2.478006
0.208000 2.487781
0.209000 2.492669
0.210000 2.492669
0.211000 2.497556
0.212000 2.502444
0.213000 2.502444
0.214000 2.517107
0.215000 2.512219
0.216000 2.507331
0.217000 2.517107
0.218000 2.526882
0.219000 2.526882
0.220000 2.526882
0.221000 2.531769
0.222000 2.531769
0.223000 2.541544
0.224000 2.551320
0.225000 2.551320
0.226000 2.556207
0.227000 2.561095
0.228000 2.561095
0.229000 2.565982
0.230000 2.575758
0.231000 2.570870
0.232000 2.575758
0.233000 2.575758
0.234000 2.585533
0.235000 2.590420
0.236000 2.590420
0.237000 2.595308
0.238000 2.600196
0.239000 2.600196
0.240000 2.605083
0.241000 2.614858
0.242000 2.614858
0.243000 2.624633
0.244000 2.624633
0.245000 2.629521
0.246000 2.644184
0.247000 2.634409
0.248000 2.644184
0.249000 2.644184
0.250000 2.649071
0.251000 2.653959
0.252000 2.653959
0.253000 2.653959
0.254000 2.658847
0.255000 2.663734
0.256000 2.673509
0.257000 2.678397
0.258000 2.678397
0.259000 2.678397
0.260000 2.683284
0.261000 2.688172
0.262000 2.688172
0.263000 2.702835
0.264000 2.707722
0.265000 2.707722
0.266000 2.707722
0.267000 2.712610
0.268000 2.717498
0.269000 2.717498
0.270000 2.722385
0.271000 2.727273
0.272000 2.727273
0.273000 2.727273
0.274000 2.732160
0.275000 2.732160
0.276000 2.741935
0.277000 2.741935
0.278000 2.746823
0.279000 2.756598
0.280000 2.756598
0.281000 2.761486
0.282000 2.766373
0.283000 2.766373
0.284000 2.771261
0.285000 2.771261
0.286000 2.776149
0.287000 2.781036
0.288000 2.781036
0.289000 2.790811
0.290000 2.781036
0.291000 2.795699
0.292000 2.795699
0.293000 2.800587
0.294000 2.805474
0.295000 2.795699
0.296000 2.810362
0.297000 2.815249
0.298000 2.810362
0.299000 2.825024
0.300000 2.825024
0.301000 2.829912
0.302000 2.834800
0.303000 2.839687
0.304000 2.844575
0.305000 2.849462
0.306000 2.859238
0.307000 2.854350
0.308000 2.859238
0.309000 2.859238
0.310000 2.864125
0.311000 2.878788
0.312000 2.873900
0.313000 2.878788
0.314000 2.878788
0.315000 2.888563
0.316000 2.888563
0.317000 2.888563
0.318000 2.893451
0.319000 2.898338
0.320000 2.903226
0.321000 2.908113
0.322000 2.913001
0.323000 2.913001
0.324000 2.917889
0.325000 2.913001
0.326000 2.927664
0.327000 2.932551
0.328000 2.932551
0.329000 2.937439
0.330000 2.947214
0.331000 2.947214
0.332000 2.952102
0.333000 2.956989
0.334000 2.961877
0.335000 2.966764
0.336000 2.966764
0.337000 2.971652
0.338000 2.976540
0.339000 2.976540
0.340000 2.986315
0.341000 2.991202
0.342000 2.996090
0.343000 3.000978
0.344000 3.005865
0.345000 3.005865
0.346000 3.015640
0.347000 3.015640
0.348000 3.020528
0.349000 3.025415
0.350000 3.030303
0.351000 3.035191
0.352000 3.040078
0.353000 3.044966
0.354000 3.054741
0.355000 3.054741
0.356000 3.059629
0.357000 3.064516
0.358000 3.064516
0.359000 3.069404
0.360000 3.074291
0.361000 3.088954
0.362000 3.084066
0.363000 3.098729
0.364000 3.093842
0.365000 3.093842
0.366000 3.098729
0.367000 3.103617
0.368000 3.108504
0.369000 3.103617
0.370000 3.118280
0.371000 3.123167
0.372000 3.123167
0.373000 3.128055
0.374000 3.132942
0.375000 3.137830
0.376000 3.142717
0.377000 3.152493
0.378000 3.147605
0.379000 3.152493
0.380000 3.152493
0.381000 3.162268
0.382000 3.167155
0.383000 3.172043
0.384000 3.176931
0.385000 3.172043
0.386000 3.181818
0.387000 3.186706
0.388000 3.186706
0.389000 3.191593
0.390000 3.191593
0.391000 3.196481
0.392000 3.201369
0.393000 3.201369
0.394000 3.206256
0.395000 3.211144
0.396000 3.211144
0.397000 3.225806
0.398000 3.225806
0.399000 3.225806
0.400000 3.230694
0.401000 3.230694
0.402000 3.240469
0.403000 3.240469
0.404000 3.240469
0.405000 3.245357
0.406000 3.250244
0.407000 3.255132
0.408000 3.255132
0.409000 3.260020
0.410000 3.264907
0.411000 3.269795
0.412000 3.269795
0.413000 3.274682
0.414000 3.279570
0.415000 3.279570
0.416000 3.284457
0.417000 3.284457
0.418000 3.289345
0.419000 3.294233
0.420000 3.294233
0.421000 3.299120
0.422000 3.304008
0.423000 3.308895
0.424000 3.313783
0.425000 3.313783
0.426000 3.318671
0.427000 3.318671
0.428000 3.323558
0.429000 3.323558
0.430000 3.328446
0.431000 3.333333
0.432000 3.333333
0.433000 3.338221
0.434000 3.343109
0.435000 3.347996
0.436000 3.347996
0.437000 3.347996
0.438000 3.352884
0.439000 3.357771
0.440000 3.357771
0.441000 3.362659
0.442000 3.362659
0.443000 3.367546
0.444000 3.367546
0.445000 3.372434
0.446000 3.372434
0.447000 3.377322
0.448000 3.387097
0.449000 3.387097
0.450000 3.391984
0.451000 3.396872
0.452000 3.396872
0.453000 3.401760
0.454000 3.401760
0.455000 3.406647
0.456000 3.411535
0.457000 3.416422
0.458000 3.421310
0.459000 3.421310
0.460000 3.426197
0.461000 3.431085
0.462000 3.440860
0.463000 3.435973
0.464000 3.435973
0.465000 3.445748
0.466000 3.445748
0.467000 3.445748
0.468000 3.450635
0.469000 3.455523
0.470000 3.460411
0.471000 3.465298
0.472000 3.465298
0.473000 3.470186
0.474000 3.470186
0.475000 3.475073
0.476000 3.479961
0.477000 3.484848
0.478000 3.489736
0.479000 3.484848
0.480000 3.489736
0.481000 3.494624
0.482000 3.499511
0.483000 3.504399
0.484000 3.504399
0.485000 3.504399
0.486000 3.509286
0.487000 3.509286
0.488000 3.509286
0.489000 3.514174
0.490000 3.519062
0.491000 3.523949
0.492000 3.523949
0.493000 3.528837
0.494000 3.523949
0.495000 3.528837
0.496000 3.533724
0.497000 3.538612
0.498000 3.538612
0.499000 3.543500
0.500000 3.548387
0.501000 3.548387
0.502000 3.553275
0.503000 3.558162
0.504000 3.558162
0.505000 3.563050
0.506000 3.563050
0.507000 3.567937
0.508000 3.567937
0.509000 3.572825
0.510000 3.572825
0.511000 3.577713
0.512000 3.577713
0.513000 3.577713
0.514000 3.582600
0.515000 3.587488
0.516000 3.587488
0.517000 3.592375
0.518000 3.597263
0.519000 3.597263
0.520000 3.602151
0.521000 3.602151
0.522000 3.607038
0.523000 3.607038
0.524000 3.607038
0.525000 3.611926
0.526000 3.611926
0.527000 3.616813
0.528000 3.616813
0.529000 3.621701
0.530000 3.621701
0.531000 3.626588
0.532000 3.631476
0.533000 3.631476
0.534000 3.636364
0.535000 3.641251
0.536000 3.641251
0.537000 3.646139
0.538000 3.651026
0.539000 3.655914
0.540000 3.655914
0.541000 3.660802
0.542000 3.665689
0.543000 3.665689
0.544000 3.675464
0.545000 3.670577
0.546000 3.675464
0.547000 3.675464
0.548000 3.675464
0.549000 3.675464
0.550000 3.685239
0.551000 3.690127
0.552000 3.695015
0.553000 3.695015
0.554000 3.699902
0.555000 3.699902
0.556000 3.704790
0.557000 3.704790
0.558000 3.709677
0.559000 3.714565
0.560000 3.729228
0.561000 3.724340
0.562000 3.724340
0.563000 3.729228
0.564000 3.734115
0.565000 3.739003
0.566000 3.743891
0.567000 3.748778
0.568000 3.748778
0.569000 3.753666
0.570000 3.758553
0.571000 3.758553
0.572000 3.763441
0.573000 3.768328
0.574000 3.773216
0.575000 3.778104
0.576000 3.778104
0.577000 3.787879
0.578000 3.787879
0.579000 3.792766
0.580000 3.792766
0.581000 3.802542
0.582000 3.807429
0.583000 3.807429
0.584000 3.807429
0.585000 3.812317
0.586000 3.812317
0.587000 3.817204
0.588000 3.822092
0.589000 3.826979
0.590000 3.831867
0.591000 3.836755
0.592000 3.836755
0.593000 3.831867
0.594000 3.841642
0.595000 3.841642
0.596000 3.846530
0.597000 3.851417
0.598000 3.851417
0.599000 3.851417
0.600000 3.856305
0.601000 3.856305
0.602000 3.856305
0.603000 3.861193
0.604000 3.861193
0.605000 3.866080
0.606000 3.866080
0.607000 3.861193
0.608000 3.866080
0.609000 3.866080
0.610000 3.875855
0.611000 3.875855
0.612000 3.875855
0.613000 3.875855
0.614000 3.875855
0.615000 3.875855
0.616000 3.875855
0.617000 3.866080
0.618000 3.880743
0.619000 3.880743
0.620000 3.880743
0.621000 3.880743
0.622000 3.880743
0.623000 3.885630
0.624000 3.885630
0.625000 3.885630
0.626000 3.880743
0.627000 3.885630
0.628000 3.885630
0.629000 3.885630
0.630000 3.885630
0.631000 3.890518
0.632000 3.890518
0.633000 3.885630
0.634000 3.890518
0.635000 3.895406
0.636000 3.890518
0.637000 3.895406
0.638000 3.895406
0.639000 3.890518
0.640000 3.895406
0.641000 3.895406
0.642000 3.895406
0.643000 3.895406
0.644000 3.900293
0.645000 3.900293
0.646000 3.900293
0.647000 3.900293
0.648000 3.900293
0.649000 3.900293
0.650000 3.905181
0.651000 3.905181
0.652000 3.900293
0.653000 3.905181
0.654000 3.905181
0.655000 3.905181
0.656000 3.905181
0.657000 3.905181
0.658000 3.910068
0.659000 3.905181
0.660000 3.910068
0.661000 3.910068
0.662000 3.910068
0.663000 3.914956
0.664000 3.914956
0.665000 3.914956
0.666000 3.914956
0.667000 3.914956
0.668000 3.919844
0.669000 3.910068
0.670000 3.919844
0.671000 3.919844
0.672000 3.919844
0.673000 3.929619
0.674000 3.924731
0.675000 3.929619
0.676000 3.929619
0.677000 3.929619
0.678000 3.929619
0.679000 3.934506
0.680000 3.934506
0.681000 3.934506
0.682000 3.934506
0.683000 3.944282
0.684000 3.939394
0.685000 3.939394
0.686000 3.939394
0.687000 3.939394
0.688000 3.944282
0.689000 3.939394
0.690000 3.939394
0.691000 3.949169
0.692000 3.939394
0.693000 3.944282
0.694000 3.949169
0.695000 3.949169
0.696000 3.949169
0.697000 3.949169
0.698000 3.949169
0.699000 3.954057
0.700000 3.949169
0.701000 3.954057
0.702000 3.954057
0.703000 3.954057
0.704000 3.954057
0.705000 3.954057
0.706000 3.958944
0.707000 3.954057
0.708000 3.958944
0.709000 3.958944
0.710000 3.958944
0.711000 3.958944
0.712000 3.958944
0.713000 3.958944
0.714000 3.963832
0.715000 3.963832
0.716000 3.968719
0.717000 3.963832
0.718000 3.963832
0.719000 3.963832
0.720000 3.963832
0.721000 3.963832
0.722000 3.963832
0.723000 3.963832
0.724000 3.968719
0.725000 3.963832
0.726000 3.968719
0.727000 3.968719
0.728000 3.968719
0.729000 3.968719
0.730000 3.963832
0.731000 3.973607
0.732000 3.968719
0.733000 3.973607
0.734000 3.968719
0.735000 3.968719
0.736000 3.968719
0.737000 3.973607
0.738000 3.968719
0.739000 3.973607
0.740000 3.978495
0.741000 3.973607
0.742000 3.978495
0.743000 3.973607
0.744000 3.978495
0.745000 3.978495
0.746000 3.978495
0.747000 3.978495
0.748000 3.978495
0.749000 3.983382
0.750000 3.983382
0.751000 3.983382
0.752000 3.983382
0.753000 3.983382
0.754000 3.988270
0.755000 3.988270
0.756000 3.988270
0.757000 3.998045
0.758000 3.988270
0.759000 3.993157
0.760000 3.993157
0.761000 3.993157
0.762000 3.993157
0.763000 3.998045
0.764000 3.998045
0.765000 4.002933
0.766000 4.002933
0.767000 4.002933
0.768000 4.007820
0.769000 4.007820
0.770000 4.007820
0.771000 4.007820
0.772000 4.007820
0.773000 4.007820
0.774000 4.017595
0.775000 4.012708
0.776000 4.012708
0.777000 4.017595
0.778000 4.017595
0.779000 4.017595
0.780000 4.022483
0.781000 4.022483
0.782000 4.022483
0.783000 4.022483
0.784000 4.022483
0.785000 4.027370
0.786000 4.027370
0.787000 4.032258
0.788000 4.022483
0.789000 4.037146
0.790000 4.027370
0.791000 4.037146
0.792000 4.037146
0.793000 4.037146
0.794000 4.042033
0.795000 4.042033
0.796000 4.042033
0.797000 4.042033
0.798000 4.042033
0.799000 4.046921
0.800000 4.046921
0.801000 4.046921
0.802000 4.051808
0.803000 4.051808
0.804000 4.051808
0.805000 4.051808
0.806000 4.051808
0.807000 4.056696
0.808000 4.056696
0.809000 4.056696
0.810000 4.061584
0.811000 4.061584
0.812000 4.061584
0.813000 4.061584
0.814000 4.061584
0.815000 4.066471
0.816000 4.066471
0.817000 4.071359
0.818000 4.066471
0.819000 4.071359
0.820000 4.076246
0.821000 4.081134
0.822000 4.081134
0.823000 4.086022
0.824000 4.086022
0.825000 4.086022
0.826000 4.090909
0.827000 4.090909
0.828000 4.090909
0.829000 4.095797
0.830000 4.095797
0.831000 4.105572
0.832000 4.100684
0.833000 4.100684
0.834000 4.105572
0.835000 4.105572
0.836000 4.110459
0.837000 4.110459
0.838000 4.115347
0.839000 4.120235
0.840000 4.115347
0.841000 4.125122
0.842000 4.130010
0.843000 4.130010
0.844000 4.134897
0.845000 4.134897
0.846000 4.134897
0.847000 4.144673
0.848000 4.134897
0.849000 4.144673
0.850000 4.144673
0.851000 4.154448
0.852000 4.154448
0.853000 4.159335
0.854000 4.164223
0.855000 4.164223
0.856000 4.164223
0.857000 4.164223
0.858000 4.169110
0.859000 4.173998
0.860000 4.173998
0.861000 4.178886
0.862000 4.183773
0.863000 4.183773
0.864000 4.183773
0.865000 4.193548
0.866000 4.198436
0.867000 4.198436
0.868000 4.203324
0.869000 4.208211
0.870000 4.213099
0.871000 4.213099
0.872000 4.217986
0.873000 4.217986
0.874000 4.217986
0.875000 4.217986
0.876000 4.227761
0.877000 4.232649
0.878000 4.232649
0.879000 4.232649
0.880000 4.237537
0.881000 4.242424
0.882000 4.242424
0.883000 4.247312
0.884000 4.252199
0.885000 4.257087
0.886000 4.257087
0.887000 4.261975
0.888000 4.261975
0.889000 4.266862
0.890000 4.271750
0.891000 4.271750
0.892000 4.276637
0.893000 4.281525
0.894000 4.281525
0.895000 4.291300
0.896000 4.291300
0.897000 4.301075
0.898000 4.301075
0.899000 4.301075
0.900000 4.301075
0.901000 4.305963
0.902000 4.310850
0.903000 4.310850
0.904000 4.315738
0.905000 4.320626
0.906000 4.320626
0.907000 4.320626
0.908000 4.325513
0.909000 4.330401
0.910000 4.330401
0.911000 4.330401
0.912000 4.335288
0.913000 4.335288
0.914000 4.340176
0.915000 4.340176
0.916000 4.345064
0.917000 4.345064
0.918000 4.349951
0.919000 4.349951
0.920000 4.354839
0.921000 4.359726
0.922000 4.354839
0.923000 4.354839
0.924000 4.359726
0.925000 4.364614
0.926000 4.364614
0.927000 4.364614
0.928000 4.374389
0.929000 4.374389
0.930000 4.379277
0.931000 4.384164
0.932000 4.384164
0.933000 4.384164
0.934000 4.384164
0.935000 4.393939
0.936000 4.393939
0.937000 4.398827
0.938000 4.403715
0.939000 4.408602
0.940000 4.408602
0.941000 4.413490
0.942000 4.418377
0.943000 4.423265
0.944000 4.428152
0.945000 4.428152
0.946000 4.433040
0.947000 4.442815
0.948000 4.442815
0.949000 4.452590
0.950000 4.457478
0.951000 4.462366
0.952000 4.467253
0.953000 4.477028
0.954000 4.481916
0.955000 4.486804
0.956000 4.496579
0.957000 4.501466
0.958000 4.506354
0.959000 4.506354
0.960000 4.501466
0.961000 4.501466
0.962000 4.501466
0.963000 4.501466
0.964000 4.496579
0.965000 4.501466
0.966000 4.496579
0.967000 4.501466
0.968000 4.501466
0.969000 4.501466
0.970000 4.501466
0.971000 4.501466
0.972000 4.501466
0.973000 4.501466
0.974000 4.501466
0.975000 4.501466
0.976000 4.501466
0.977000 4.501466
0.978000 4.501466
0.979000 4.501466
0.980000 4.501466
0.981000 4.501466
0.982000 4.501466
0.983000 4.501466
0.984000 4.501466
0.985000 4.501466
0.986000 4.506354
0.987000 4.506354
0.988000 4.506354
0.989000 4.506354
0.990000 4.506354
0.991000 4.506354
0.992000 4.506354
0.993000 4.506354
0.994000 4.506354
0.995000 4.506354
0.996000 4.506354
0.997000 4.506354
0.998000 4.506354
0.999000 4.506354
